95090162774
48102372823
52122928672
02251125477
49042835926
78011412545
95031418786
57091919795
69032377175
81110424971
88012485783
77122134654
94100362195
45102356851
51052525933
56070512844
77952727397
71111095685
68071533119
65090118372
74020956175
82082155566
69070195577
61031629529
87110839573
84072525889
93042544999
67091998248
95022167473
96041838887
69061477848
74192821359
45060193943
86080186795
97040436847
87091518524
57052828977
77932824979
56051822784
02281066117
67102693624
82122889794
99032441662
73083063727
51021219887
43092231299
44071857367
67071091656
99901116163
82101493273
81040465189
46091346692
70011516472
45091198575
64051294926
63061668312
50071876424
89040449794
79090239996
54931234941
88111941366
60020617565
59080366766
59012162752
71042098168
83012029526
94021991993
53121135742
75072617777
93092518982
94090967242
93091663997
88122114357
43013096411
97061521694
62050192993
86042075941
76092031415
96099765998
93060293781
65091079984
52053171628
93080389882
44100249422
91041145616
57091835552
94091584932
47073035737
43072921255
90083027771
67010991357
52021721617
75030881231
64032666252
82121335692
69020755374
71103137997
45020628122
91061916784
52120214364
